0.100480000079
0.0978000001609
0.112480000108
0.12156000033
0.127960000783
0.135880000144
0.143000000715
0.160520001054
0.173679999709
0.176799999475
0.195720000267
0.207160000503
0.231639998555
0.237600002289
0.27576000154
0.286679999828
0.316520001292
0.350839999914
0.377239999771
0.399879997969
0.438279998899
0.485199999213
0.509199997783
0.549880001545
0.578719996214
0.602080000639
0.610360001326
0.639000003338
0.661200000048
0.696119997501
0.704759995937
0.697759999037
0.729399998188
0.728079996109
0.758840001822
0.75664000392
0.79240000248
0.785720002651
0.81236000061
0.821040000916
0.793280000687
0.837279996872
0.83507999897
0.825120000839
0.847079997063
0.859199999571
0.861919996738
0.871080000401
0.869759999514
0.873840001822
0.881679996252
0.885120002031
0.887760007381
0.893000001907
0.89076000452
0.897240000963
0.899399998188
0.904120000601
0.904079995155
0.911879998446
0.910639996529
0.914399998188
0.918919997215
0.917600001097
0.920880004168
0.918920004368
0.922319999933
0.915479999781
0.923759999275
0.927920000553
0.92811999917
0.924880002737
0.930320000648
0.930279998779
0.931440000534
0.937159993649
0.937199999094
0.933280001879
0.933239998817
0.931399997473
0.93992000103
0.94083999753
0.940239994526
0.940199997425
0.944400000572
0.938639997244
0.943479999304
0.943959993124
0.942639997005
0.944839994907
0.945
0.945839996338
0.948559994698
0.945039995909
0.946559994221
0.952399995327
0.942759999037
0.951159994602
0.948799995184
0.949679994583
0.951439995766
0.948559998274
0.951999995708
0.950719997883
0.950199997425
0.951799995899
0.950439994335
0.954199995995
0.949879997969
0.945199996233
0.951039997339
0.954599999189
0.954679998159
0.955479996204
0.954199998379
0.956160000563
0.957240002155
0.954360001087
0.959320002794
0.956519998312
0.958999996185
0.960199999809
0.957119998932
0.958600000143
0.960359997749
0.9571200037
0.960080001354
0.956719996929
0.960119999647
0.960679997206
0.960239993334
0.957679997683
0.95583999753
0.961959992647
0.959639999866
0.961600000858
0.960439997911
0.958519998789
0.95635999918
0.962599998713
0.961400001049
0.961320003271
0.963799999952
0.960920000076
0.960479998589
0.961879998446
0.96183999896
0.966319997311
0.9619599998
0.959959998131
0.962839998007
0.962680001259
0.964879997969
0.964720002413
0.960759999752
0.962760003805
0.965280001163
0.964759994745
0.962000005245
0.965119999647
0.961880003214
0.968000005484
0.961999995708
0.965479998589
0.965839996338
0.964439998865
0.964959999323
0.967280002832
0.960039994717
0.965080002546
0.967759996653
0.965679997206
0.966159995794
0.964680001736
0.96660000205
0.966920001507
0.968599996567
0.965520002842
0.965239999294
0.966000001431
0.966840002537
0.965279999971
0.961679998636
0.964799996614
0.969840003252
0.967680003643
0.970000001192
0.966199997663
0.968759999275
0.96656000495
0.964720002413
0.966359997988
0.968920001984
0.967800000906
0.968320003748
0.969200003147
0.96879999876
0.967400000095
0.966840000153
0.966719998121
0.96499999404
0.96788000226
0.969119999409
0.969160001278
0.968079997301
0.970080002546
0.969999998808
0.965199999809
0.966999998093
0.97112000227
0.968000000715
0.968800005913
0.970200002193
0.968120005131
0.966680005789
0.969679998159
0.964599996805
0.967840000391
0.969760001898
0.970040003061
0.968040001392
0.969160001278
0.969760000706
0.967719997168
0.967800004482
0.969199999571
0.969440003633
0.972159998417
0.970360001326
0.969440000057
0.970120005608
0.965759999752
0.971959998608
0.969320001602
0.96811999917
0.969840003252
0.969000002146
0.971840002537
0.970480000973
0.967840002775
0.970919998884
0.972040003538
0.968320001364
0.971840000153
0.969200003147
0.970280002356
0.970319999456
0.969800001383
0.971239998341
0.971640006304
0.971480002403
0.969760001898
0.972360001802
0.972720000744
0.971240006685
0.971159999371
0.968400005102
0.972840001583
0.97060000062
0.971240000725
0.97144000411
0.972960003614
0.970559996367
0.972200000286
0.972760004997
0.971760003567
0.968079999685
0.973000001907
0.97392000556
0.973480005264
0.970920004845
0.974640002251
0.973799997568
0.972600001097
0.971039996147
0.972560001612
0.972040003538
0.972920002937
0.971320000887
0.972280004025
0.974160000086
0.973880001307
0.975120000839
0.97536000371
0.97308000803
0.974800004959
0.97272000432
0.977120002508
0.972360005379
0.968840003014
0.971720004082
0.97251999855
0.973199999332
0.971520000696
0.972600001097
0.973320002556
0.974880005121
0.973799999952
0.973439999819
0.974480001926
0.974080005884
0.97319999814
0.971640000343
0.973080002069
0.971680003405
0.973440003395
0.972879999876
0.972999999523
0.973200006485
0.971800005436
0.973360000849
0.972520004511
0.97364000082
0.973439999819
0.972480000257
0.971120003462
0.974200004339
0.973799996376
0.971840000153
0.970599999428
0.971119997501
0.973080000877
0.976120003462
0.973720006943
0.970400004387
0.972679998875
0.971919997931
0.970600003004
0.972840002775
0.973920001984
0.974640004635
0.974440000057
0.974000000954
0.972160000801
0.972520002127
0.97544000268
0.974720001221
0.97112000227
0.974320002794
0.975360002518
0.976640002728
0.976199998856
0.973520004749
0.97688000083
0.974880003929
0.975320006609
0.969199999571
0.970040000677
0.976520001888
0.97476000309
0.976280003786
0.975080002546
0.967280002832
0.97400000453
0.976880002022
0.972360001802
0.972240002155
0.977360001802
0.970399997234
0.976040005684
0.975080002546
0.974280008078
0.974760005474
0.973960001469
0.976320002079
0.97135999918
0.976560001373
0.972759996653
0.974360001087
0.971720004082
0.97544000268
0.976240003109
0.976600005627
0.977480000257
0.976320003271
0.973240002394
0.974680001736
0.974960001707
0.974920003414
0.977240003347
0.975
0.97364000082
0.975119999647
0.973919998407
0.975000001192
0.974240002632
0.974120002985
0.974720003605
0.976240003109
0.973000003099
0.974520002604
0.97348000288
0.97356000185
0.975400003195
0.972080003023
0.975480002165
0.974400001764
0.973519999981
0.972919998169
0.975000002384
0.977079999447
0.979800007343
0.980680000782
0.980359997749
0.980880000591
0.982720001936
0.981080000401
0.981880005598
0.982360001802
0.981840004921
0.982039997578
0.982400000095
0.982239999771
0.981880004406
0.983400000334
0.983280000687
0.982080001831
0.984120002985
0.983720002174
0.984119998217
0.984559998512
0.984200000763
0.982320002317
0.98432000041
0.9840800035
0.983560005426
0.983800002337
0.984639998674
0.984879999161
0.984400000572
0.984360004663
0.984680000544
0.983560004234
0.984479999542
0.984839998484
0.98507999897
0.984679999352
0.985120005608
0.985400003195
0.985800002813
0.984640004635
0.984479997158
0.98319999814
0.985759999752
0.986639997959
0.986040004492
0.985800001621
0.985399998426
0.98584000349
0.984879997969
0.98547999382
0.98652000308
0.984999997616
0.986239998341
0.986439999342
0.9862000072
0.987120000124
0.986960002184
0.986400001049
0.986320000887
0.987799996138
0.987599998713
0.98596000433
0.986440002918
0.985639996529
0.986200002432
0.986480000019
0.986680003405
0.986320002079
0.986560001373
0.987080003023
0.98736000061
0.986920003891
0.986840003729
0.986920000315
0.987360004187
0.987039999962
0.987120002508
0.987120001316
0.98763999939
0.987280000448
0.986280001402
0.987040001154
0.985199999809
0.986919999123
0.987000002861
0.987640001774
0.986480000019
0.986679999828
0.987679998875
0.987360002995
0.987000001669
0.987319998741
0.987680000067
0.98763999939
0.986640002728
0.986959997416
0.987199997902
0.986599998474
0.987160001993
0.986600004435
0.985680001974
0.987080003023
0.987359998226
0.98675999999
0.987400000095
0.987000002861
0.987039999962
0.987360002995
0.987960002422
0.987840002775
0.986439996958
0.987000000477
0.987480002642
0.986639996767
0.987359999418
0.984600000381
0.98751999855
0.987159997225
0.986319999695
0.987399998903
0.988040002584
0.988359999657
0.988040002584
0.987879998684
0.987080001831
0.986720000505
0.987280000448
0.98728000164
0.987640000582
0.987520000935
0.988080003262
0.986840004921
0.988200005293
0.988160004616
0.988920000792
0.988599996567
0.988680000305
0.98840000391
0.987120001316
0.987319997549
0.988880004883
0.988800001144
0.988559999466
0.988240002394
0.988159999847
0.987600002289
0.987960003614
0.988399999142
0.988480004072
0.988280000687
0.987400000095
0.987999998331
0.98756000042
0.98816000104
0.988560000658
0.988359999657
0.98848000288
0.98780000329
0.988000001907
0.988520003557
0.988440002203
0.988120001554
0.988560003042
0.988439999819
0.987320001125
0.988840003014
0.988680001497
0.988480001688
0.988240002394
0.987919996977
0.987399997711
0.988280000687
0.98811999917
0.987879997492
0.988560000658
0.988839998245
0.987999997139
0.988639999628
0.987759997845
0.987999997139
0.988359999657
0.988159998655
0.98763999939
0.989240005016
0.988399999142
0.988720002174
0.988240001202
0.988839999437
0.988760001659
0.988480001688
0.988920000792
0.987999999523
0.988159998655
0.987400000095
0.987840000391
0.988840003014
0.988240002394
0.987280002832
0.987520003319
0.987840000391
0.987999998331
0.987600001097
0.988480004072
0.988040003777
0.987880001068
0.988840000629
0.98915999651
0.988559997082
0.988560003042
0.988039999008
0.988680001497
0.988920004368
0.989000002146
0.988159997463
0.988760000467
0.988320002556
0.987559999228
0.989119999409
0.987720001936
0.988680002689
0.988960001469
0.988960006237
0.988920000792
0.989639999866
0.988800003529
0.988919998407
0.989199999571
0.989240000248
0.989000000954
0.988680002689
0.988799997568
0.988120002747
0.987960002422
0.988519999981
0.988600002527
0.989000002146
0.988559998274
0.989360002279
0.989400001764
0.988280000687
0.988480006456
0.988440002203
0.988320001364
0.988600002527
0.987880003452
0.987840002775
0.988520003557
0.988840000629
0.988560003042
0.987600003481
0.988200001717
0.988879998922
0.988880001307
0.988599998951
0.988559999466
0.988199999332
0.988600000143
0.988440001011
0.988559999466
0.988200000525
0.988520004749
0.988239994049
0.987960000038
0.988960001469
0.988520001173
0.988840000629
0.988800002337
0.989040004015
0.986160000563
0.988439998627
0.989119998217
0.98871999979
0.989559998512
0.988359999657
0.988720000982
0.987720000744
0.988720003366
0.988199999332
0.987799998522
0.988400000334
0.988360002041
0.987240000963
0.989040001631
0.986640000343
0.987599998713
0.988960002661
0.98864000082
0.989640002251
0.988320002556
0.989040001631
0.987960002422
0.988720002174
0.988640002012
0.988439998627
0.98816000104
0.988200004101
0.988799999952
0.988720003366
0.988400000334
0.988440002203
0.988880000114
0.98916000247
0.98864000082
0.988440001011
0.989480003119
0.987960000038
0.98831999898
0.988920003176
0.988800004721
0.986440005302
0.98932000041
0.988000001907
0.988840000629
0.989440001249
0.988639998436
0.989000003338
0.988640003204
0.988440002203
0.988760001659
0.98847999692
0.987799999714
0.988959997892
0.989000002146
0.989120000601
0.989239999056
0.988080003262
0.989480001926
0.988359999657
0.988360004425
0.988880007267
0.989440001249
0.989120001793
0.988680001497
0.989760001898
0.989040002823
0.988759998083
0.989880000353
0.989200000763
0.989759998322
0.989000000954
0.989640001059
0.989560002089
0.988320003748
0.988999999762
0.989160001278
0.989480001926
0.989119999409
0.989360003471
0.98864000082
0.989679998159
0.988959999084
0.989560002089
0.989160001278
0.989280000925
0.989439995289
0.989280000925
0.988480005264
0.989079999924
0.989600002766
0.989720001221
0.989240000248
0.988799997568
0.988199999332
0.989280004501
0.987800002098
0.988840001822
0.98939999938
0.988920001984
0.988399999142
0.989520000219
0.989200000763
0.988520001173
0.989480003119
0.989360002279
0.989280000925
0.988920000792
0.988839998245
0.988239998817
0.990080002546
0.989199999571
0.988400001526
0.989759995937
0.989279998541
0.988360003233
0.988319997787
0.98835999608
0.98947999835
0.988360003233
0.989039998055
0.98932000041
0.989040001631
0.988879998922
0.988440001011
0.988600000143
0.988999999762
0.989320005178
0.989320005178
0.987680000067
0.988800007105
0.988679999113
0.989480003119
0.989640003443
0.989600002766
0.989960004091
0.990000004768
0.989520001411
0.99
0.990200003386
0.989920003414
0.989880000353
0.989880005121
0.989880002737
0.989959996939
0.989800001383
0.989800001383
0.989760000706
0.989680000544
0.990199999809
0.99028000474
0.989880000353
0.989440003633
0.990240001678
0.990160002708
0.989999998808
0.989520001411
0.990039999485
0.990040000677
0.989480004311
0.989960000515
0.99020000577
0.989839999676
0.990239999294
0.990080003738
0.990200001001
0.990239999294
0.990080000162
0.989959998131
0.989960001707
0.989999998808
0.99031999588
0.990280001163
0.990279998779
0.990160002708
0.990320004225
0.990119999647
0.990560002327
0.990039999485
0.990520004034
0.989720000029
0.989959999323
0.990160000324
0.990320004225
0.990000002384
0.990439999104
0.99031999588
0.990319999456
0.990480000973
0.990480002165
0.990400000811
0.990240000486
0.990400003195
0.990520005226
0.990480004549
0.990439997911
0.990319999456
0.990680003166
0.990280002356
0.990320001841
0.990279999971
0.989959998131
0.990120005608
0.990520005226
0.990479998589
0.990280001163
0.989959998131
0.990479996204
0.990200002193
0.990080002546
0.990200002193
0.990080000162
0.990120004416
0.990120004416
0.989720001221
0.989960001707
0.990080000162
0.990320001841
0.990360000134
0.990359998941
0.990040001869
0.990239999294
0.990479999781
0.989720000029
0.990440000296
0.990120003223
0.989960000515
0.990280003548
0.990080001354
0.990040001869
0.990400007963
0.990400000811
0.990440003872
0.990440001488
0.990520002842
0.990520000458
0.990560001135
0.990399998426
0.990319998264
0.990599998236
0.990480000973
0.990240001678
0.990440000296
0.990440001488
0.990480003357
0.990280005932
0.990200001001
0.990599999428
0.990240001678
0.99044000268
0.990240001678
0.990800004005
0.990080001354
0.990279998779
0.990120000839
0.990080003738
0.990080001354
0.990200003386
0.990240001678
0.990240001678
0.990479999781
0.990319997072
0.990520002842
0.99052000165
0.990400002003
0.990160003901
0.990240001678
0.99028000474
0.990120000839
0.990320003033
0.98984000206
0.990279999971
0.990080000162
0.990240000486
0.990280003548
0.990280003548
0.989960001707
0.990320001841
0.989800001383
0.990240001678
0.989919999838
0.990200001001
0.990119999647
0.990360002518
0.99007999897
0.990640001297
0.990319999456
0.990160002708
0.990040001869
0.990079997778
0.990400000811
0.990320000648
0.990160003901
0.989800000191
0.990640000105
0.990000002384
0.990240004063
0.990480000973
0.990440000296
0.990040000677
0.990200001001
0.990680000782
0.990400000811
0.989720007181
0.990200004578
0.990119998455
0.990240005255
0.990200001001
0.990119999647
0.990240000486
0.990040005445
0.990320000648
0.990160005093
0.990120000839
0.990280001163
0.990360002518
0.990000002384
0.990240001678
0.989959999323
0.990280001163
0.990200001001
0.99031999588
0.98992000103
0.990280001163
0.990439999104
0.990279999971
0.990479999781
0.989880002737
0.989800000191
0.990440000296
0.989719997644
0.990280001163
